482 91 736 503 129 887 64 945 218 377 820 16 694 255 901
72 498 310 629 857 442 993 54 711 203 564 937 86 471 650
159 720 845 392 517 68 961 284 774 36 556 889 423 147 602
318 975 214 869 432 107 640 523 781 95 358 909 276 812 51
699 142 884 63 307 928 471 220 559 873 101 744 368 596 18
925 248 670 333 790 457 12 863 401 242 518 937 64 708 154
588 230 969 53 821 416 702 185 943 278 329 607 346 800 21
767 98 512 304 890 176 631 455 972 260 583 147 838 723 59
345 987 192 756 411 649 274 935 88 566 821 473 122 640 395
705 308 947 61 534 889 217 764 40 318 950 406 147 671 299
982 143 512 380 720 265 835 421 99 670 328 801 232 590 77
449 913 287 765 150 602 481 948 33 729 254 864 516 397 688
821 164 940 289 578 734 205 996 60 452 105 609 342 704 19
884 311 533 768 256 910 44 547 723 161 986 329 672 457 240
605 173 792 410 864 254 989 315 736 78 593 456 228 940 367
721 83 517 642 399 981 134 870 312 557 688 27 739 402 191
954 233 724 146 892 471 38 630 518 275 841 167 903 520 284
312 559 987 161 780 452 899 244 690 72 603 848 315 127 966
404 938 268 811 556 120 734 213 951 396 875 48 667 522 301
509 788 442 174 983 237 602 912 150 765 289 619 457 834 41
198 675 329 903 256 514 710 370 848 96 743 558 421 662 110
951 204 769 325 684 139 993 476 237 558 729 318 942 176 605
414 867 152 939 483 620 291 754 37 899 564 240 981 71 653
245 697 882 93 732 401 568 217 946 134 803 322 777 498 169
526 310 957 82 604 188 743 531 990 411 257 870 469 165 751
292 648 842 123 999 454 603 317 889 79 721 502 180 360 918
547 291 764 113 843 267 934 50 692 854 146 781 528 405 220
606 155 945 492 703 368 187 810 261 581 733 49 982 244 659
718 352 571 129 869 402 560 297 915 74 638 489 213 845 178
764 250 699 456 917 304 861 120 642 590 393 708 487 266 934
261 902 551 175 820 610 347 945 132 573 460 814 227 768 395
338 159 984 418 620 300 863 142 775 586 471 94 651 503 731
919 305 746 218 874 162 988 434 351 902 177 624 473 789 69
331 951 286 507 770 194 862 418 657 340 514 907 283 792 32
640 357 975 249 702 134 898 565 311 689 460 823 219 540 156
727 410 654 85 980 283 791 129 972 447 233 857 563 320 701
509 146 832 267 591 904 386 750 274 645 92 731 488 360 982
115 669 553 742 207 915 301 638 283 465 879 154 746 523 119
