696 204 546 580 637 234 466 783 258 422 399 74 715 595 813
223 912 931 875 821 633 444 45 879 199 538 796 55 55 140
245 362 943 528 127 871 455 730 34 229 954 153 557 32 951
251 666 449 479 594 993 325 343 780 46 416 838 946 833 503
259 390 517 538 410 171 914 856 602 275 680 986 558 896 273
316 334 990 18 801 559 582 671 403 333 190 726 633 799 17
276 531 361 857 19 700 32 286 692 865 902 733 704 138 503
164 905 441 721 807 428 559 25 534 290 531 768 83 157 8
35 110 944 937 370 624 774 538 240 81 828 679 483 765 52
234 126 741 166 589 841 682 664 445 433 405 597 114 817 79
861 244 989 10 765 838 34 230 246 237 939 137 150 382 694
120 434 231 149 375 634 992 290 776 268 939 409 347 191 879
458 609 482 692 842 701 214 847 105 732 987 440 830 456 248
833 714 231 530 879 436 858 410 377 349 733 864 426 346 987
961 81 338 913 694 628 430 906 245 479 226 118 895 555 47
746 777 509 525 540 385 538 377 515 587 910 326 714 291 493
916 155 197 842 784 894 210 983 864 408 229 286 914 901 532
618 950 227 659 531 891 701 129 692 969 748 285 273 88 831
351 762 779 140 948 283 432 548 655 284 74 966 986 818 669
777 215 535 767 139 144 875 963 566 211 536 540 341 731 788
941 770 588 963 708 655 828 158 46 881 685 322 94 927 103
497 993 374 117 58 928 912 134 919 987 55 801 614 318 791
138 532 314 109 137 835 431 687 45 951 822 736 514 282 328
304 617 898 204 143 769 192 595 485 86 531 568 176 375 163
486 536 58 761 69 852 988 661 183 501 486 720 339 187 997
519 165 135 653 373 403 321 884 166 31 44 448 601 535 513
937 921 607 824 644 264 429 841 636 658 384 359 300 77 664
335 757 10 637 207 204 212 79 182 133 429 424 55 483 648
131 560 170 511 194 881 120 186 76 687 100 288 179 832 350
449 741 707 767 470 726 473 407 950 583 70 767 994 772 547
220 379 865 654 912 945 867 839 188 611 806 435 289 552 518
732 992 191 542 513 847 341 266 398 330 232 81 331 850 417
355 823 408 762 82 685 48 668 790 639 684 278 632 192 322
150 663 869 256 779 555 634 530 685 178 984 921 384 139 403
303 470 476 449 862 932 743 740 590 138 690 41 739 709 601
785 473 343 200 420 215 150 475 33 899 567 217 472 770 676
450 773 679 953 693 951 276 492 71 848 677 784 107 119 888
542 224 577 732 414 355 607 536 593 204 78 385 994 195 597
820 493 559 682 377 976 870 932 777 624 71 353 256 404 181
714 319 415 87 219 143 367 530 214 713 709 73 334 960 195
411 320 308 640 121 790 687 812 218 795 763 385 136 509 629
643 497 524 92 763 167 331 986 35 321 944 770 581 18 814
461 765 55 854 837 134 687 757 268 746 532 756 876 929 623
186 548 615 321 612 973 620 377 879 805 180 265 496 133 514
615 126 10 248 934 242 421 297 194 866 915 637 839 687 315
258 14 357 71 950 972 149 926 932 607 965 474 671 195 348
908 196 88 310 457 604 990 262 390 161 444 940 97 543 818
586 77 516 351 305 86 545 530 660 430 352 882 593 721 792
970 997 634 331 869 177 612 733 974 95 151 79 949 268 413
181 584 135 574 730 259 528 688 202 755 858 873 708 418 301